row	Weight.of.20.seeds	Average.cob.length	Average.cob.weight	Average.cob.width
1001		10.9		
1003	6.4	12.76666667	18.63333333	26.26666667
1005		14.96666667		
1007	5.5	11.85	8.35	19.9
1009	6	16.25	14.4	20.4
1011				
1013	4.8	9.733333333	9.633333333	20.76666667
1015		9.533333333	6.45	21.11666667
1017	6.6	18.68333333	21.23333333	23.63333333
1019	3.1	11.31666667	9.4	19.83333333
1021	4.1	10.58333333	16.23333333	25.9
1023		12.06666667	16.26666667	23.33333333
1025		15.55	20.92	26.02
1027	4	12.31666667	9.7	20.83333333
1029	5.7	12.26666667	14.6	26.33333333
1031		14.7	13.175	22.975
1033	5.7	14.08333333	15.5	21.26666667
1035		11.275		
1037		8.866666667	8.916666667	20.7
1039	3.5	14.58333333	14.93333333	20.43333333
1041	6.4	19.4	18.56666667	20.96666667
1043	4.5	11.18333333	12.53333333	21
1045		8.1	6.766666667	24.1
1047		19.06666667	21.81666667	22.43333333
1049	3.9	11.25	7.133333333	19.5
1051	6.5	18.51666667	17.2	21.3
1053		15.65	19.78333333	24.35
1055	6.6	12.55	11.2	19.3
1057	6.4	16.75	14.93333333	20.03333333
1059		7.9	3.36	18.62
1061		11.78	14.46	26.96
1063	4.6	11.21666667	7.266666667	18.86666667
1065	5.7	17.46666667	15.56666667	19.4
1067	5.3	14.83333333	8.466666667	21.93333333
1069	6.5	11.96666667	9	20.66666667
1071		11.88	13.12	23.2
1073	5.9	15.43333333	14.33333333	20.06666667
1075	5.2	14.56666667	10.9	19.8
1077	3.5	8.1	5.7	19.93333333
1079		17	14.75	21.28333333
1081	4.7	11	8.9	19.66666667
1083	2.8	14.65	9.233333333	15.86666667
1101	3.9	13.18333333	16.06666667	24.73333333
1103	6.8	12.71666667	14.8	22.56666667
1105	5.7	11.21666667	11.1	20.85
1107	5.1	13.13333333	12.43333333	22.1
1109	5.6	17.6	17.03333333	21.83333333
1111		10.8	8.933333333	26.5
1113		11.98333333	16.06666667	26.73333333
1115				
1117		11.65	10.21666667	22.85
1119		6.75	5.2	20.26666667
1121				
1123		13.18333333	9.916666667	20.13333333
1125	3.9	12.81666667	8.633333333	20.9
1127		9.033333333	7.44	20.74
1129		4		
1131	7	19.38333333	20.4	21.7
1133	5.3	8.371428571	7.033333333	16.5
1135	4.3	14.43333333	25.23333333	28.7
1137	5.2	16.56666667	17.36666667	24.3
1139	6.3	17.73333333	19.43333333	21.8
1141		9.233333333	5.116666667	19.28333333
1143	6.8	12.71666667	15.86666667	26.6
1145	5	11.63333333	14.03333333	29.43333333
1147		13.26	10.5	21.16
1149		12.66666667	11.21666667	24.33333333
1151	4.6	17	32.1	27.675
1153	5.2	13.86666667	21.93333333	25.76666667
1155	3.9	12.75	13.8	24.13333333
1157		10.65	10.01666667	23.03333333
1159		11.98333333	11.36666667	20.95
1161	5	13.75	17.2	24.66666667
1163		12.8		
1165	6	13.21666667	10.13333333	20.93333333
1167		11.26666667	12.15	23.2
1169	4.4	13.93333333	12.8	20.33333333
1171	5.5	14.45	16.16666667	25.23333333
1173		11.58	12.5	19.4
1175	5.2	16.83333333	22.26666667	22.93333333
1177		9.166666667	6.22	21.48
1179				
1181		11.25	9.071428571	22.1
1183		11.06666667	7.6	22.1
1201	5	10.47142857	16.5	21.425
1203	5.7	14.95	17.43333333	22.96666667
1205	4.8	16.43333333	20.36666667	25.76666667
1207	6.2	13.51666667	24.83333333	30.16666667
1209	5.5	11.45	16.73333333	25.7
1211	4.7	14.88333333	14	20.36666667
1213		12.66666667	20.48333333	24.13333333
1215	4.2	15.58333333	11.73333333	19.6
1217	4.3	12.81666667	10.96666667	24.26666667
1219		12.66666667	19.8	28.76666667
1221	5.4	14.5	14.96666667	19.86666667
1223		14.06666667	17.56666667	21.76666667
1225	4.5	12.18333333	13.86666667	22.4
1227		9.583333333	8.733333333	21.41666667
1229		12.8	22.73333333	25.26666667
1231	4.4	11.6	8.7	17.16666667
1233		13.225	3.65	17.45
1235	6	13.83333333	12.8	20.3
1237	5.4	12.35	15.33333333	21.53333333
1239		12.38333333	11.05	20.28333333
1241		13.21666667	10	19.73333333
1243	4.8	12.55	10.46666667	22.1
1245		16.55		
1247		10.96666667	16.3	23.4
1249	4.9		19.13333333	22.93333333
1251	4.4	13.98333333	24.23333333	28.53333333
1253		13.43333333	25.56666667	27.01666667
1255	6.2	12.35	10.43333333	21.9
1257		13.2	8.45	20.15
1259	5.1	14.06666667	28.8	31.1
1261	5.1	15.4	18.53333333	27.73333333
1263	5.3	12.55	16.53333333	26.76666667
1265	4.3	9.9	7.466666667	20.6
1267	4.1	12.6	13.36666667	23.26666667
1269		12.2	17.03333333	23.98333333
1271	6	18	19.4	21.85
1273	3.7	12.65	15.43333333	21
1275	2.8	13.45	11.13333333	17.9
1277	5.1	13.75714286	12.825	21.675
1279		14.5	11.88333333	21.4
1281		12.28	19	21.66
1283	4.6	15.51666667	22.5	25.36666667
1301	4.3	13.8	15.06666667	22.66666667
1303	3.8	13.71666667	15.23333333	23.96666667
1305	4.3	13.38333333	19.06666667	27.93333333
1307	5.3	17.33333333	15.66666667	20.06666667
1309	4.6	16.03333333	13.83333333	21.23333333
1311	4.2	15.15	9.2	19.3
1313		10.05	3.45	17.75
1315	5.8	16.58333333	19	22.5
1317		11.31666667	7.95	21.85
1319	5.6	12.45	8.7	18.06666667
1321	5.3	15.11666667	13.46666667	20.36666667
1323	7.3	16.5	16.5	19.86666667
1325	4.1	11.78333333	10.96666667	21.76666667
1327		15.2	12.2	20.5
1329	3.3	14.01666667	17.06666667	27.23333333
1331	6.4	17.9	18.03333333	22.43333333
1333	4.1	12.58333333	14.16666667	23.27
1335	5.4	15.98333333	15.63333333	20.4
1337	6	17.55	18.2	21.56666667
1339	6.7	10.93333333	13.23333333	26.26666667
1341	5.1	13.78333333	15	23.53333333
1343	5	13.27571429	17.05	23.725
1345		17.2	26.6	25.05
1347		16.48333333	21.1	23.11666667
1349		15.88333333	17.8	24.28
1351	4.9	15.85	22.03333333	23.7
1353	4.1	14.2	21.7	26.7
1355	3.9	13.98333333	14.63333333	21.56666667
1357	4.8	18.75	15.33333333	19.73333333
1359	3.9	11.61666667	9.366666667	21.46666667
1361		14.9	14.4	21.4
1363	5.1	14.35	16.6	23.7
1365	4.6	12.56666667	17.23333333	23.6
1367		13.6	19	22.91666667
1369	6.6	17.28333333	13.96666667	19.23333333
1371		10.08571429	11.84285714	20.71666667
1373	7.2	20.01666667	21.76666667	20.3
1375	5.5	15.38571429	11.6	18.6
1377		10.84	8.028571429	19.28333333
1379	4.4	16.9	15.475	21.65
1381		7.58	9.66	24.42
1383		14.38333333	14.63333333	20.38333333
1401		10.67142857	12.81428571	23.43333333
1403	5.4	17.55	13.2	19.2
1405	4	12.5	14.23333333	21.23333333
1407	3.5	13.95	10.36666667	20.66666667
1409	5.3	17.33333333	13.96666667	19.46666667
1411		9.25	5.85	18.575
1413	2.8	12.86666667	14.76666667	20.16666667
1415	6.1	11.98333333	9.7	23.9
1417	5.2	11.55	14.63333333	22.9
1419	3.9	12.16666667	7.666666667	15.93333333
1421		8.866666667	6.6	20.9
1423		12.12	11.1	22.92
1425	4.7	11.9	14.73333333	22.53333333
1427	3.6	11.45	7.8	16.86666667
1429	4.5	11.33333333	11.1	22.76666667
1431		12.44	6.25	19.975
1433		12.35	7.833333333	19.96666667
1435	5.2	14.25	22.63333333	27.5
1437		10.9	15.82	26.46
1439	5.4		15.16666667	20.73333333
1441		11.3	13.5	22.23333333
1443	6.2	12.11428571	13.65	23.25
1445		11.75	20.25	25.15
1447	5	15.33333333	10.2	20.63333333
1449	3.8	7.385714286	9.4	22.76666667
1451	5.2	15.34285714	26.075	26
1453	5.8	13.2	17.93333333	26
1455	4.7	13.93333333	18.13333333	24.66666667
1457	5.2	12.2	14.4	23.93333333
1459	4.7	16.95	21.3	21.03333333
1461		13.11666667	18.11666667	24.03333333
1463	3.9	18.11666667	19.26666667	22.76666667
1465	6.8	10.33333333	13.63333333	23.43333333
1467	5.5	18.86666667	19.43333333	21.63333333
1469	3.1	12.68333333	16.83333333	25.06666667
1471		18.25714286	35.4	26.61666667
1473	2.6	11.81666667	7.533333333	17.86666667
1475	5.8	14.76666667	16.83333333	23.43333333
1477	4.3	12.91666667	18.8	25.13333333
1479	5.6	10.36666667	13.43333333	20.56666667
1481		16.48	23.74	23.88
1483	5.1	16.93333333	12.63333333	18.06666667
1501	5.8	17.6	16.76666667	22.5
1503	6	16.86666667	11.5	19.03333333
1505		17.98333333	21.91666667	23.68333333
1507	3.9	12.8	14.35	24.675
1509		11.18333333	18.4	24.42
1511	4.6	15.71666667	12.5	20.73333333
1513		12.47142857	11.66666667	21.75
1515		15.28	33	31.24
1517	6.3	18.2	18.83333333	20.8
1519		9.85	10.78333333	23
1521	4.4	11.53333333	6.9	19.8
1523	5	15.78333333	12.7	20.3
1525	6.4	19.85	20.96666667	20.66666667
1527	5.6	13.6	18.7	24.86666667
1529				
1531	5.2	12.91666667	12.2	19.83333333
1533		11.225	9.175	19.775
1535	4.2	11.18571429	16.8	23.325
1537	4.7	12.93333333	14.63333333	24
1539		14.43333333	16.98333333	25.46666667
1541	5.1	14.03333333	19.66666667	25.16666667
1543		12.93333333	17.06666667	26.76666667
1545		13.14	10.88	18.8
1547		11.13333333	7.316666667	21.7
1549	5.8	19.41666667	17.23333333	20.86666667
1551		14.26	11.72	24.26
1553	3.8	15.15	12.86666667	23.8
1555	4.7	15.95	13.83333333	20.23333333
1557	5.5	13.63333333	16.2	23.16666667
1559		13.08	20.12	27.48
1561	4.2	11.21428571	14	25.175
1563	3.8	12.56666667	13.6	25.8
1565		15.83333333	25.83333333	28.38333333
1567		10.08571429	7.457142857	22.05
1569	4.2	13.3	15.43333333	23.4
1571	4.4	16.23333333	18.03333333	25.8
1573	3.9	16.78333333	18.43333333	22.93333333
1575	3.2	13.1	15.06666667	21.7
1577	4.9	13.37142857	9.425	23.25
1579	5.2	13.23333333	19.2	24.46666667
1581	2.8	13.66666667	13.86666667	22.73333333
1583	4.3	13.68571429	11.7	22.7
2001	1.7	11.88571429	8.975	17.325
2003	5.7		13.9	24.46666667
2005		18.81666667	26.41666667	24.88333333
2007		14.11666667	25.08333333	29.36666667
2009		13.8	14.45	24.96666667
2011	5.8	18.73333333	18.86666667	21.96666667
2013	4.4	12.96666667	20.3	28.3
2015		11.13333333		
2017	5.1	14.06666667	26.03333333	31.66666667
2019		14.2	19.8	27.23333333
2021		9.983333333	10.4	22.8
2023	6.2	13.08333333	9.866666667	22.53333333
2025	5.6	18.43333333	16.3	21.4
2027	6.7	15.45	12.36666667	22.16666667
2029	2.7	12.3	9.225	18.4
2031		13.06666667	12.15	22.01666667
2033		13.21666667	17.66666667	27.13333333
2035		11.875	11.6	20.2
2037		13.21666667	10.83333333	22.65
2039	2.3	14.43333333	9.2	15.96666667
2041	2.8		5.966666667	17.5
2043	3.9	8.333333333	8.833333333	21.86666667
2045	5.7	12.06666667	16.46666667	24.53333333
2047	4.8	11.8	11.1	21.975
2049	6.6		18.56666667	22.46666667
2051		8.725	10.4	25.9
2053		15.26	15.58	22.88
2055		11.9	15.86666667	25.56666667
2057	3.1	12.55	9.975	19.85
2059	4.3	11.88333333	14.36666667	24.33333333
2061		11.23333333	14.65	20.73333333
2063	4.8	10.61428571	6.475	19.125
2065		11.23333333	11.06666667	26.11666667
2067	3.8	9.642857143	7.45	22.7
2069	3.6	10.26666667	12.6	20.23333333
2071	3.9	13.15	16.8	26.46666667
2073	3.6	12.57777778	11.22	19.52
2075	4	17.63333333	10.55	24.25
2077		7.7	1.7	17.8
2079		10.66	10.82	21.6
2081		8.1	8.9	22.3
2083		13.375	7.15	21.875
2101	4.6	14.85	12.9	19.73333333
2103	4.2	9.933333333	9.166666667	21.36666667
2105		16.88333333		
2107		15.38571429		
2109		14.05		
2111		10.58333333		
2113	5	13.05	11.7	24.46666667
2115		8.86		
2117		10.45	9.283333333	22.71666667
2119	4.9	13.75	11.8	21.43333333
2121		9.86		
2123		11.18	9.04	21.64
2125	4.9	11.51428571	13.03333333	22.43333333
2127		8.866666667	10.41666667	21.88333333
2129		12.88333333		
2131		10.48	7.883333333	19.98333333
2133		14.86666667	15.8	25.2
2135	5.3	14.11666667	15.93333333	21.96666667
2137		10.64	15.06	20.16
2139	4.7	13.81666667	12.33333333	20.13333333
2141	3.8	10.76666667	13.6	23
2143	6.4	11.11666667	9.033333333	18.5
2145				
2147	6.3	13.05	17.43333333	22.33333333
2149		11.42	17.34	21.84
2151		13.775	18.4	25.86666667
2153	6.3	13.57142857	12.63333333	18.83333333
2155		11.575		
2157		14.91666667	13.7	22.75
2159		10.1	7.785714286	20.25
2161		11.73333333	9.716666667	20.01666667
2163				
2165		10.21666667	8.483333333	22
2167	4.2	11.16666667	11.03333333	20.8
2169		6.68	4.16	22.54
2171		11.98333333	14.08333333	27.36666667
2173	5.8	17.18333333	14.83333333	20.3
2175		13.2	23.93333333	26.9
2177		14.66666667	18.75	24.05
2179	3.9	11.56666667	8.066666667	16.63333333
2181		13.46	12.04	19.84
2183		17.65	21.85	24.85
2201		11.55	10.2	20.7
2203	4	11.88333333	12.9	22.1
2205		10.0125	14.64285714	27.28333333
2207	6.5	13	9.933333333	18.83333333
2209		16.81666667	39.9	31.2
2211	4.8	13.45	11.66666667	24.7
2213	3.6	9.614285714	10.45	26.45
2215		15.78	31.8	30.63333333
2217		11.81666667	10.03333333	22.2
2219		12.88333333	23.96	28.22
2221		12.66666667	3.866666667	19
2223	5.2	17	15.06666667	20.9
2225		12.01666667	10.35	20.76666667
2227	6.2	15.13333333	11.76666667	22.63333333
2229	4.8	10.43333333	8.166666667	21.3
2231	4.1	13.28571429	13.5	22.25
2233		9.225	4.285714286	20.83333333
2235	4.7	14.78333333	10.33333333	20.1
2237		11.65	12.66	21.62
2239		13.575	12.725	21.45
2241		12.375	12.35	25.725
2243		13.17142857	16.08571429	22.73333333
2245	6.5	14.71666667	18	23.16666667
2247	5.6	15.65	26	25.6
2249	5.9	15.85	14.23333333	20.43333333
2251		9.516666667	8.516666667	24.35
2253	6.4	16.46666667	15.43333333	19.6
2255	4.7	14.68333333	18.13333333	24.4
2257	4	12.9	14.7	20.725
2259	4.3	11.23333333	7.3	19.13333333
2261	5.4	16.55	18.53333333	23.16666667
2263	3.9	9.166666667	5.433333333	17.66666667
2265	2	13.9	9.733333333	17.46666667
2267		12.98333333	9.05	22.1
2269		14.05	19.825	29.625
2271	5.4	12.61666667	14.13333333	19.63333333
2273		11.12	16.92	29.48
2275	6.2	14.06666667	13.16666667	20.83333333
2277		13.46	11.05	22.55
2279		10.33333333	6.533333333	19.4
2281	6.3	15.28333333	13.83333333	20.03333333
2283		14.9	12.675	21.65
2301	3.3	14.8	16.3	22.66666667
2303	2.6	12	6.775	17.2
2305		14.48333333	23.16666667	26.3
2307		14.21666667	10.14	21.6
2309		10.58333333	7.833333333	19.55
2311		14.16666667	10.12	21.58
2313		18.7	16.7	23.32
2315		13.86666667	16.2	25.6
2317		15.36666667		
2319		12.71666667	18.68333333	27.43333333
2321		10.21666667		
2323		15.93333333		
2325		15.88333333	13.81666667	21.21666667
2327	5	12.1	15.03333333	24.3
2329		17.8		
2331	5.2	11.01666667	12.83333333	21.1
2333		10.16666667	9.95	24.06666667
2335		11.9		
2337		16.08333333		
2339		10.61666667	12.93333333	25.11666667
2341		11.4	11.95	22.18333333
2343		12.61666667		
2345	4.7	15.1	12.06666667	21.23333333
2347		10.93333333	13	25.15
2349		6.15	1.4	17.45
2351	6.7	15.43333333	23.03333333	27.1
2353	2.5	12.65	8.866666667	20.76666667
2355		11.8	15.4	23.53333333
2357	4.5	13.45	12.76666667	20.16666667
2359	5	15.52857143	18.625	25
2361	3.6	16.33333333	16.76666667	23.3
2363		12.4	5.75	17.1
2365	3.5	13.98333333	9.533333333	23.26666667
2367	5.7	14.21666667	11.73333333	18.9
2369	5.2	13.6	12.83333333	19.4
2371				
2373	5	11.73333333	18.76666667	24.16666667
2375	5.6	15.2	11.63333333	21.73333333
2377		11.86666667	11.55	21.83333333
2379	5.1	13.28333333	16.76666667	22.73333333
2381		16.81666667		
2383	3.7	11.8	8.7	19.93333333
2401		19.25	25.65	25.9
2403		14.8		
2405		14.16666667		
2407		14.28333333		
2409		13.56666667		
2411		12.63333333		
2413		12.18333333		
2415		12.86666667		
2417	4.5	12.13333333	23.13333333	25.4
2419		13.81666667		
2421		14.38333333		
2423		12.96666667		
2425	4.4	13.48333333	18.5	24.1
2427		10.91666667		
2429		13.15		
2431		16.66666667		
2433		9.25		
2435		12.01666667	12.45	23.93333333
2437		12.03333333		
2439		11.66666667		
2441		12.08333333		
2443		12.53333333		
2445		9.933333333		
2447		10.8		
2449		12.21666667		
2451		8.866666667	6.933333333	20.4
2453		9.9	4.516666667	16.9
2455		11.58333333	12.58	23.46
2457	5.6	12.51666667	15.73333333	24.5
2459		8.916666667		
2461	4	12.11666667	9.366666667	17.5
2463		13.41666667	16.06666667	25.36666667
2465		18.26666667		
2467	5.9	16.38333333	14.43333333	20.1
2469		10.18333333	10.65	23.63333333
2471		13.03333333		
2473				
2475		11.45	19.91666667	27.83333333
2477		12.85	7.95	23
2479	4.6	13.13333333	14.63333333	25.43333333
2481	6.2	11.95	13.9	25.93333333
2483				
2501		11.6	14.68333333	25.98333333
2503		12.6	21.475	28.65
2505		9.7	11.76	22.96
2507	6.2	12.56666667	14.86666667	21.03333333
2509	5	13.16666667	15.56666667	23.9
2511	4.1	15.15	19	23.9
2513	4.5	14.68333333	18.4	22.96666667
2515	6.3	17.75	13.46666667	18
2517		12.96666667		
2519	6.7	11.2	13.66666667	23.7
2521	5.3	15.03333333	12.33333333	19.53333333
2523		9.616666667	11.28	21.32
2525		15		
2527		13.65		
2529	3	8.583333333	6.733333333	19.06666667
2531		14.88333333		
2533	3.5	9.383333333	10.06666667	23.5
2535		10.36666667		
2537		13.96666667		
2539		8.6	6.614285714	18.63333333
2541		13.57142857		
2543		15.7		
2545		10.26666667	12.31666667	23.93333333
2547		12.68333333	11.41666667	22.08333333
2549		16.11428571	11.45	19.25
2551		12.21666667		
2553		14.25	17.91666667	25.7
2555	5	16.01666667	16.76666667	20.66666667
2557	4.6	9.583333333	10.16666667	21.73333333
2559		8.016666667	4.28	18.44
2561		8.85		
2563		13.56666667	14.36666667	24.56666667
2565		14.03333333		
2567		12.28333333		
2569		11.2		
2571		15.28333333		
2573		15.11666667		
2575		7.3	2.95	22.05
2577		17.65		
2579		13.01666667	13.48333333	25.63333333
2581		10.88333333	5.633333333	18.53333333
2583		11.42	12.22	20.56
3001		13.12	11.38	18.92
3003	5.6	14.93333333	18.1	20.6
3005		14.83333333	14.1	23.63333333
3007		9.05		
3009	4.9	13.61666667	11.03333333	19.2
3011		7.766666667	7.875	21
3013	5.1	14.55	11.56666667	18.96666667
3015		12.63333333	10.43333333	22.11666667
3017		9.383333333	6.083333333	19.86666667
3019	4.6	13.13333333	10.33333333	20.03333333
3021		8.5	4.76	17.24
3023		12.01666667	13.98333333	23.91666667
3025		10.86666667		
3027	4.1	11.93333333	14	23.33333333
3029		10.48333333	12.83333333	24.93333333
3031		11.26666667	12.73333333	26.13333333
3033		12.38333333	19.71666667	25.16666667
3035		9	8.05	25.1
3037	5.2	14.41666667	10.76666667	19.43333333
3039		11.95	18.25	27.675
3041		10.96666667	7.266666667	24.53333333
3043		11.3	8.183333333	20.11666667
3045	5.6	10.28333333	14.46666667	25.36666667
3047	6.4	12.28333333	8.533333333	18.86666667
3049		15.86666667	15.25	22.5
3051		10.9	12.86	22.54
3053		12.78333333	15.6	23.41666667
3055	4.3	14.63333333	22.33333333	25.4
3057				
3059	3.7	11.2	8.433333333	20.23333333
3061	4.3	11.28333333	9.7	20.6
3063		13.96666667	11.2	21.68333333
3065		10.669	9.666666667	19.18333333
3067		11.78	10.2	25.06666667
3069	5.3	15.58571429	13.05	20.1
3071	5	14.05	9.766666667	17.6
3073		14.1	23.9	27.93333333
3075		10	5.8	19.6
3077	3.5	14.13333333	12.53333333	18
3079	4.6	12.12857143	6.35	18.775
3081		10.61666667	11.3	22.63333333
3083		8.166666667	8.5	23.56666667
3101	4.1	10.85	14.86666667	23.46666667
3103		15.03333333	14.66666667	22.95
3105	5.1	10.58333333	8.433333333	19.96666667
3107		13.8		
3109		12.41666667	10.71666667	22.46666667
3111		16.06666667		
3113		15.38333333	13.9	21.93333333
3115	7.1	14.03333333	17.33333333	26.76666667
3117	5.7	11.98333333	6.333333333	19.76666667
3119	3.1	11.05	6.666666667	16.53333333
3121		12.06666667		
3123	5.6	15.3	16.43333333	24.03333333
3125		16.48333333		
3127		14		
3129	5.4	13.28333333	12.73333333	21.93333333
3131	7.2	9.783333333	11.3	20.96666667
3133	5.2	15.21666667	13.16666667	20.49
3135	4.1	13.26666667	14.4	21.93333333
3137	4.5	13.66666667	14.46666667	24
3139		10.63333333		
3141		12.86666667		
3143		10.24		
3145		11.47142857		
3147		12.61666667		
3149		14.3		
3151		16.66		
3153	5.7	14.2	23.63333333	27.23333333
3155	5.1	9.766666667	12.13333333	20.93333333
3157		8.966666667	8.8	21.75
3159		11.71666667		
3161		10.01666667	7.383333333	22.48333333
3163	2	10.76666667	14.43333333	20.96666667
3165		10.8	7	20.88333333
3167		14.1	9.014285714	22.76666667
3169	2.2	13.48333333	8.7	18.36666667
3171	4.8	13.2	13.26666667	19.43333333
3173	5.4	15.35	14.9	21.2
3175		12.46666667		
3177	4.4	14.73333333	13.06666667	23.3
3179		14.8		
3181		12.9	21.81666667	29.51666667
3183	4.5	13.2	10.2	17.33333333
3201		8.275	4.775	18.95
3203	5.1	14.86666667	14.13333333	21.3
3205		10.28333333	13.13333333	24.95
3207				
3209	3.1	14.48333333	15.8	25.2
3211	4.7	14.26666667	11.1	19.23333333
3213	2.6	11.86666667	8.1	20.66666667
3215	3.9	11.55	6.633333333	17.26666667
3217	4.7	11.03333333	13.06666667	23.3
3219	4.2	11.96666667	6.833333333	21.6
3221		7.583333333	6.15	18.9
3223	1.9	13.85	23.8	28.1
3225	5.1	14.4375	14.15	21.475
3227		8.733333333	7.733333333	23.01666667
3229	4.2	10.5	14.1	23.03333333
3231	5.1	13.98333333	11.93333333	19.86666667
3233	4.1	10.23333333	11.3	23.86666667
3235		8.3875	8.8	24.13333333
3237	4.5	10.18333333	6.533333333	18.83333333
3239		12.58		
3241		14.03333333		
3243		12.6		
3245				
3247	4.7	13.96666667	17.86666667	24.46666667
3249	6.9	12.175	14.975	23.575
3251	5.7	15.55714286	24.55	22.775
3253		14.28333333	16.9	21.65
3255	5.6	14.51666667	19.4	24.4
3257	5.3	12.5	14.93333333	25.26666667
3259		12.33333333	8.666666667	20.81666667
3261		11.6	9.7	21.2
3263		10.45		
3265		11.4		
3267		16.28333333	17.73333333	24.56666667
3269		10.625		
3271	6.2	11.48333333	16.46666667	26.03333333
3273	5.3	15.46666667	13.06666667	18.76666667
3275		9.625		
3277	6	13.68333333	16.13333333	22.03333333
3279	5.1	16.95	20.93333333	24.33333333
3281		15.83333333		
3283	6.5	17.08333333	18.8	21.23333333
3301		8.914285714	5.057142857	18.81666667
3303		14.68333333		
3305		11.73333333	6.566666667	21.4
3307	5.2	10.31666667	12	24.96666667
3309		9.457142857	13.42857143	25.25
3311	4	15.16666667	38.03333333	31.5
3313	6.3	11.31666667	7.566666667	16.33333333
3315	5	15.93333333	13.6	20.9
3317	4.5	14.18	7.833333333	21.13333333
3319	4.6	12.85	25.93333333	29.73333333
3321	4.3	12.71666667	15.36666667	24.93333333
3323		11.86	17.12	26.1
3325	5.8	11.13333333	7.533333333	20.4
3327	5.3	11.83333333	13	21.23333333
3329		11.33333333	8.233333333	22.23333333
3331		17.36666667	14.6	21.66666667
3333	5.3	11.93333333	11.2	23.1
3335		11.98333333	11.13333333	22.05
3337	3.9	11.7	13.63333333	24.26666667
3339		13.88571429	8.428571429	17.48333333
3341	4.3	12.58333333	10	19.4
3343	6.3	11.73333333	16.06666667	22.63333333
3345	4.9	12.75	15.16666667	22.03333333
3347	6.2	13	21.13333333	26.16666667
3349		16.58571429	23.15714286	24.76666667
3351		14.35	16.35	24.95
3353		14.77142857		
3355		11.48	14.36	26.46
3357		13.28571429	18.55	22.3
3359		13.2	16.1	27.1
3361	4.4	14.88333333	20.53333333	26.6
3363	4.5	11.71666667	12.5	22.5
3365	6.8	10.3	13.23333333	25.23333333
3367	5.5	10.1875	7.15	20.775
3369		16.92	15.275	23.425
3371		11.91666667	8.966666667	20.21666667
3373		7.525	2.9	21.1
3375	5.8	10.5	13.46666667	25.63333333
3377	4.6	13.9	11.43333333	19.9
3379	5.6	14.11666667	15.96666667	22.03333333
3381	4.1	8.8	6.5	17.53333333
3383	4.8	10.18333333	7.266666667	17.1
3401	2.2		7.3	18
3403	5.6		15.86666667	23.63333333
3405	4.1	10.83333333	14.5	24.83333333
3407	4.4		13.63333333	28.16666667
3409		14.71666667		
3411		15		
3413		9.928571429		
3415		13.91666667	9.65	23.11666667
3417		16.12		
3419		10.56666667	7.1	21.43333333
3421		12.41428571	14.31428571	25.35
3423				
3425		14.71666667		
3427	5.5		14.36666667	22.23333333
3429		16.6	15.21666667	22.2
3431	3.7		16.2	19.63333333
3433	3.2	13.26666667	11.56666667	21.63333333
3435		9.833333333		
3437	5.8		18.13333333	21.33333333
3439		9.666666667	5.216666667	18.15
3441		12.58333333		
3443		15.2	9.25	21.65
3445	5.4	13.9	10.23333333	19.4
3447		10.025		
3449		10.4		
3451	4.6	14.86666667	10.7	20.7
3453		10.56	8.22	21.2
3455		13.64	18.5	26.06
3457		14.51666667		
3459	5.4	12.46666667	14.16666667	22.2
3461		14.2		
3463		10.33333333		
3465	4.3	8.866666667	10.16666667	23.86666667
3467	4		11.83333333	22.23333333
3469		12.7		
3471	3.8	14.43333333	13.43333333	21.66666667
3473		12.8		
3475		15.26666667		
3477		13.2	18	24.46666667
3479	3.2		10.83333333	21.1
3481	4.6	12.33333333	14.63333333	23.66666667
3483	4.2	14.16666667	11.4	20.6
3501	4.5	12.56666667	10.06666667	21.6
3503		11.15	14.75	27.8
3505	4.7	12.11666667	11.95	23.45
3507		13.06666667	12.03333333	23.03333333
3509	5.8	10.7	16.6	21.73333333
3511	3.3	10.8	6.066666667	20.46666667
3513	4.9	14.48333333	18.23333333	25.36666667
3515	5	12.7	13.5	21.93333333
3517		9	0.85	14.1
3519	5	13.28333333	9.866666667	18.53333333
3521	3.6	11.98333333	8.733333333	19.23333333
3523		8.8	5.45	21.15
3525	5.3	16.1	18.86666667	22.46666667
3527	4.8	9.683333333	10.13333333	22.93333333
3529	4.7	11.66666667	14.13333333	22.26666667
3531	3.8	12.65	15.2	26.66666667
3533	5.7	13.38333333	12.06666667	23.36666667
3535		13.63333333	15.48333333	21.1
3537	5.1	12.7	10.83333333	21.23333333
3539	5	13.7	13.96666667	22.46666667
3541	2	13.8	10.1	18.06666667
3543				
3545		21.25	28.45	25.4
3547	4	15.96666667	13.86666667	21.46666667
3549	3.6	12.26666667	13.53333333	25
3551	5.8	13.88333333	14.26666667	21.7
3553	4.9	14.23333333	11	19.86666667
3555	4.3	11.68333333	11.63333333	22.33333333
3557		14.43333333	33.96666667	27.33333333
3559	5.5	14.1	10.8	18.5
3561		13.03333333		
3563	4.3	12.76666667	15.33333333	24.2
3565		11.375	13.6	26.125
3567	3.6	16.83333333	15.7	23.33333333
3569				
3571		14.6	20.32	25.58
3573	5.7	15.06	11.5	20
3575		11.32	7.54	20.22
3577	5	12.2	11.1	21.26666667
3579	6	14.53333333	12.33333333	18.63333333
3581	3.8	12.33333333	17.63333333	25.2
3583		14.38333333	11.96666667	20.85
4001	5.4	11.65	16.53333333	23
4003		16.8	24.06666667	25.15
4005	4.4	14.18333333	19.4	24.26666667
4007	6.6	10.96666667	13.5	22.06666667
4009		12.74285714	18.92857143	26.85
4011	4.2	13.88333333	15.63333333	22.63333333
4013	5.8	18.33333333	17.33333333	21.53333333
4015	3.5	11.54285714	8.066666667	20.11666667
4017	5.2	12.38333333	12.63333333	23.36666667
4019	4.4	11.28333333	14.66666667	24.93333333
4021	4.3	11.86666667	11.06666667	22.06666667
4023	6.3	19.1	17.7	21.5
4025				
4027	4.4	13.7	18.36666667	26.7
4029	3.9	16.98333333	16.6	22.03333333
4031	4.4	10.66666667	10.76666667	20.93333333
4033	3.2	11.38333333	12.7	21.03333333
4035	4.3	10.28333333	9.233333333	19.36666667
4037		12.98333333	9.433333333	18.4
4039		13.61666667	14.31666667	24.76666667
4041		13.65		
4043	3.4	13.66666667	6.233333333	24.16666667
4045		13.8		
4047	5.5	9.866666667	13.86666667	22.06666667
4049		12.5		
4051		11.98333333	9.533333333	19.46666667
4053		13.73333333	11.93333333	20.28333333
4055	4.7	16.61666667	18.06666667	22.43333333
4057		11.5	13.94	23.94
4059	5.4	10.88571429	10.725	21.45
4061		11.45		
4063		11.75		
4065		17.56666667		
4067		9.55	14.2	26.13333333
4069		12.08333333		
4071		12.55		
4073		8.55	3.975	21.975
4075		14.26666667		
4077	2.3	11.9	9.425	17.775
4079		19.26666667	16.33333333	22.73333333
4081		13.2		
4083		11.46666667		
4101		9.975	9.683333333	21.9
4103	4.8	14.03333333	16.5	23.33333333
4105	6.6	18.9	18.56666667	21.33333333
4107		8.975	3.725	19.225
4109	5.9	17.78333333	30.33333333	23.06666667
4111		16.22	14.96	22.34
4113	5.8	14.88333333	19.46666667	23.3
4115		13.26666667	17.13333333	28.45
4117	5.3	14.01666667	20.33333333	22.2
4119		10.03333333	7.3	22.03333333
4121		15.17142857	18.6	23.06666667
4123	5.3	13.18333333	14.73333333	22.83333333
4125	4.9	12	20.8	27.3
4127	3.3	17.31666667	16.63333333	22.43333333
4129		14.08333333	13.63333333	23.2
4131	4.9	11.5	6.833333333	22.33333333
4133	6.1	18.33333333	17.4	19.4
4135		11.33333333	15.75	24.45
4137		11.66	9.76	21.16
4139		10.4	8.5	25.15
4141	5.9	17.81666667	23.2	21.83333333
4143		16.85		
4145	6.9	12.13333333	15.86666667	26.4
4147	4.7	16.45	32.36666667	29.9
4149	5.6	18.63333333	23.33333333	24.9
4151	5	14.18333333	28.9	31.3
4153		12.64	8.65	19.7
4155	6.7	18.8	26.9	21.8
4157	6.7	14.55	8.766666667	21.66666667
4159		13.05	16.18333333	27.56666667
4161		12.56666667	22.78333333	32.31666667
4163		10.44	6.04	19.46
4165		9.44	5.36	21.3
4167	6.6	19.26666667	13.63333333	19.56666667
4169		13.7	10.35	23.025
4171	5	14.15	15.8	22.83333333
4173	4.4	15.38333333	26.76666667	26.63333333
4175	5.9	19.3	18.53333333	20.06666667
4177		16.06	11.84	18.74
4179	4.1	12.63333333	19.13333333	26.2
4181		12.16	10.58	21.56
4183	5.9	20.35	23.2	21.56666667
4201		10.8	11.56666667	25.46666667
4203	5.3	13.81666667	11.53333333	18.06666667
4205		11.18333333	18.03333333	24.55
4207		18.16666667		
4209		14.71666667	13.5	22.85
4211		10.63333333	15	20.53333333
4213		13.33333333	13.56666667	23.51666667
4215		12.78333333	22.66666667	26.46666667
4217	5.3	17.71666667	20.7	22.26666667
4219	5.4	16.36666667	20.4	22.3
4221	6.9	10.76666667	16.9	24.8
4223	3.8	14.23333333	20	28.6
4225	7.1	18.23333333	15.86666667	20.26666667
4227	4.6	14.06666667	20	23.43333333
4229	7.2	18.83333333	24.5	21.96666667
4231		9.666666667	10.41666667	22
4233	5.5	13.08333333	16.33333333	22.23333333
4235		10.55	7.6	19.23333333
4237	4.7	13.98	13.1	21.86666667
4239	4.9	18.68333333	18.46666667	20.16666667
4241	4.5	14.26666667	13.93333333	23.46666667
4243	5.7	12.08333333	20.36666667	24.6
4245	6.6	19.66666667	23.33333333	21.7
4247		11.2	6.95	19.725
4249		13.28571429		
4251		14.02857143		
4253		12.71666667		
4255		18.16666667		
4257		12.76	15.32	23.6
4259		11.9		
4261		13.7		
4263		14.83333333	30.48333333	29.9
4265		11.76666667		
4267	6.6	19.45	22.2	20.4
4269	4.4	11.16666667	6.033333333	18.9
4271		11.35	15.25	20.61666667
4273	6.1	18.15	15.73333333	19.9
4275	5.5	11.73333333	10.9	23.4
4277		12.13333333	10.91666667	23.31666667
4279	4.8	11.51666667	8.9	18.9
4281		12.65	14.8	24.41666667
4283		14.73333333		
4301	4.5	15.26666667	11.16666667	18.63333333
4303	4.6	18.28333333	15.1	20.16666667
4305	4.5	12.5	10.1	20.1
4307	6.4	17.625	14.55	20.55
4309	7.3	18.96666667	33.83333333	25.43333333
4311		13.01666667	21.35	28.38333333
4313	4.4	17.85	19.2	22.63333333
4315	5.5	14.82857143	16.525	24.3
4317		19.56	18.3	22.22
4319	5.2	10.91666667	4.766666667	18.93333333
4321		17.84	32.46	31.26
4323		7.666666667		
4325	4.1	12.23333333	8.933333333	17.16666667
4327	5.8	18.85	19.1	21.93333333
4329	4.7	15.21666667	15.86666667	22.33333333
4331	4.1	9.5875	8.9	24.05
4333	6.2	18.85	19.6	21.63333333
4335		12.5	4.12	21.7
4337		12.43333333	12.41666667	24.13333333
4339	5.2	13.61666667	13.56666667	20.13333333
4341		13.46666667	18.48333333	28.83333333
4343	7	13.16666667	17.8	22.63333333
4345		13.37142857	20.11428571	23.61666667
4347		10.52857143		
4349				
4351	5.9	12.33333333	17.33333333	23.73333333
4353	6.2		15.85	26.675
4355	6.1	16.48571429	12.625	20.425
4357		9.7		
4359	3.5	11.88333333	8.433333333	22.66666667
4361		9.842857143	11.64285714	21.4
4363		13.06666667	18.6	31.46666667
4365	3.1	14.73333333	14.2	20.23333333
4367	2.5	12.18333333	8.433333333	17.53333333
4369	4.9	16.02857143	14.95	22.925
4371	2.1	11.46666667	7.766666667	18.26666667
4373	6.1	13.24285714	17.6	22.8
4375	2.9	12.81428571	12.36666667	19.3
4377				
4379	3.3	14.75	10.66666667	19.1
4381		12.95	17.58333333	26.3
4383		12.6	10.38	22.36
4401	5.3	14.25714286	9.7	19.55
4403	4.8	15.35	9.3	19.86666667
4405		6.65	1.466666667	17.4
4407	6.3	17.35	18.03333333	20.56666667
4409	5.4	17.38333333	13.13333333	21.26666667
4411	4.9	11.81666667	14.96666667	22.83333333
4413	5.8	19.1	15.9	21.53333333
4415	6.1	10.7	6.533333333	19.3
4417	5.1	17.38333333	14.46666667	18.83333333
4419		11.2		
4421	5.8	14.7	16.43333333	24.9
4423	3.9	14.03333333	11.56666667	18.93333333
4425		10.05	8.283333333	19.31666667
4427	7.2	15.88333333	17.8	24.4
4429	3.8	10.47142857	13.76666667	23.5
4431	6.7	12.11666667	17.3	28.76666667
4433	6	17.8	16.23333333	20.1
4435	4.6	10.15	14.7	22.83333333
4437	5.8	12.41666667	12.13333333	21.06666667
4439	6.1	10.74285714	14.5	25.775
4441	5	13.88333333	24.36666667	28.53333333
4443	4.6	14.3875	22.83333333	26.73333333
4445	4.1	14.05714286	18.3	19.26666667
4447	5	14.7	13.33333333	22.4
4449		9.833333333	8.2	25.5
4451	6.4	18.76666667	19.16666667	21.06666667
4453	4.4	10.25	13.56666667	19.96666667
4455				
4457	5.8	11.375	14.25	25.525
4459	6.8	19.18333333	23.63333333	21.5
4461	4.2	8.425	6	21.53333333
4463	4	12.1	13.7	23.03333333
4465		13.25		
4467		12.63333333	16.36666667	25.2
4469	3.9	11.91428571	9.45	23.9
4471	3.9	16.0625	13.75	24.6
4473	6.8	16.11666667	17.6	19.33333333
4475	3.9	15.85	28.45	24.25
4477	4.1	12.86666667	9.833333333	18.6
4479		11.76666667	12.45	21.3
4481	3.8	16.1	13.28	20.04
4483		15.96	13.44	21.66
4501	5.5	16.68333333	11.8	18.83333333
4503		14.35		
4505		17.8		
4507		15.48333333		
4509		17.36666667		
4511	3	14.27142857	14.6	18.6
4513	3.5	10.65	9.766666667	21.2
4515		11.16666667	6.183333333	20.65
4517		19.31666667		
4519		11.2	14.8	25.64
4521	5.1	12.85	18.76666667	24.1
4523		13.02857143		
4525		10.63333333	8.833333333	23.4
4527		12.2		
4529		9.783333333	9.266666667	20.15
4531		11.175	8.375	20.15
4533		12.8		
4535		10.91666667	6.933333333	19.7
4537	7.9	11.28333333	14.33333333	21
4539	6.6	19.33333333	19.4	22
4541		18.4		
4543		12.73333333		
4545		15.37142857		
4547	5.6	11.4	15.6	23.1
4549	4.6	9.733333333	12.83333333	21.9
4551	5.3	12.84285714	14.075	24.475
4553		13.41666667		
4555		14.86666667		
4557	6.4	19.56666667	21.26666667	21.83333333
4559		9.328571429	5.06	18.9
4561	4.9	13.05	8.566666667	17.83333333
4563		13.06	10.3	21.93333333
4565		8.942857143	7.633333333	20.95
4567	2.8	11.4	8.22	19.04
4569		11.78571429		
4571	6.7	18.11666667	19.46666667	21.3
4573	5.4	16.37142857	17.95	24.25
4575		14.55	16.91666667	22.4
4577		11.31428571	16.71428571	28.25
4579	5.6	11.2625	17.475	26.325
4581	6.1	19.46666667	14.86666667	19.7
4583	3.9	11.43333333	5.333333333	18.03333333
